liver: 0.009591327183627048
kidney_right: 0.5360010002976633
spleen: 0.12830273658038982
pancreas: 1.0
aorta: 0.5590791396285869
postcava: 0.22539241662478327
adrenal_gland_right: nan
adrenal_gland_left: nan
gall_bladder: nan
stomach: 0.5072032973644355
duodenum: nan
kidney_left: 0.22602669278452686
colon: 0.0011245937537931938
