liver: 0.9594186873042272
kidney_right: 0.9210629238988516
spleen: 0.9454064479140356
pancreas: 0.8102221818717966
aorta: 0.6236554885807287
postcava: 0.56230997740944
adrenal_gland_right: 1.0
adrenal_gland_left: 1.0
gall_bladder: 0.48779007168605804
stomach: 0.49851609588691304
duodenum: 1.0
kidney_left: 0.9107476599784028
colon: 1.0
