liver: 0.9594186873042272
kidney_right: 0.9210629238988516
spleen: 0.9454064479140356
pancreas: 0.8102221818717966
aorta: 0.619226225446126
postcava: 0.5355450711805693
adrenal_gland_right: 1.0
adrenal_gland_left: 1.0
gall_bladder: 0.2522124732736587
stomach: 0.5857010131000143
duodenum: 1.0
kidney_left: 0.9107476599784028
colon: 1.0
