liver: 0.9590555810022764
kidney_right: 0.9195948862556448
spleen: 0.9235212729771984
pancreas: 0.7966080745951744
aorta: 0.7988106748687664
postcava: 0.6921474266240699
adrenal_gland_right: 1.0
adrenal_gland_left: 1.0
gall_bladder: 0.7345829565674873
stomach: 0.8787315446186894
duodenum: 1.0
kidney_left: 0.9113130696297391
colon: 1.0
