liver: 0.9596228007437072
kidney_right: 0.919369425155198
spleen: 0.9332805367708754
pancreas: 0.7960794808671909
aorta: 0.7841094840164256
postcava: 0.6367545926020415
adrenal_gland_right: 1.0
adrenal_gland_left: 1.0
gall_bladder: 0.7361546118119394
stomach: 0.8131718264069061
duodenum: 1.0
kidney_left: 0.9104100294314615
colon: 1.0
