liver: 0.9599385791147519
kidney_right: 0.9188375413800067
spleen: 0.9450131107441267
pancreas: 0.8130046010461255
aorta: 0.6328786318542716
postcava: 0.5303314767256201
adrenal_gland_right: 1.0
adrenal_gland_left: 1.0
gall_bladder: 0.33459287016873196
stomach: 0.5188499619554447
duodenum: 1.0
kidney_left: 0.9104621310472834
colon: 1.0
