liver: 0.9596628899476222
kidney_right: 0.9261555350263344
spleen: 0.9450244030868322
pancreas: 0.8074075660058776
aorta: 0.618171021511602
postcava: 0.4991258657877872
adrenal_gland_right: 1.0
adrenal_gland_left: 1.0
gall_bladder: 0.45092788681613977
stomach: 0.5385198612153207
duodenum: 1.0
kidney_left: 0.9137044886879229
colon: 1.0
