liver: 0.9598819019060216
kidney_right: 0.9235257149916914
spleen: 0.936421130448833
pancreas: 0.805906984127176
aorta: 0.7727612203609303
postcava: 0.5975543142468936
adrenal_gland_right: 1.0
adrenal_gland_left: 1.0
gall_bladder: 0.45042862336897893
stomach: 0.7357476960294133
duodenum: 1.0
kidney_left: 0.9122868208233239
colon: 1.0
