liver: 0.9596569308225147
kidney_right: 0.9199660519889834
spleen: 0.9249093644755279
pancreas: 0.7941401131951699
aorta: 0.8216517620975234
postcava: 0.7011804173207131
adrenal_gland_right: 1.0
adrenal_gland_left: 1.0
gall_bladder: 0.6653577875590457
stomach: 0.8485448581367567
duodenum: 1.0
kidney_left: 0.9127715547729895
colon: 1.0
