liver: 0.9599899815241411
kidney_right: 0.92000744991351
spleen: 0.9216168550265779
pancreas: 0.7894511235045822
aorta: 0.7818495048263883
postcava: 0.6859608089790552
adrenal_gland_right: 1.0
adrenal_gland_left: 1.0
gall_bladder: 0.6678502029363284
stomach: 0.8610310929003614
duodenum: 1.0
kidney_left: 0.9123267510260975
colon: 1.0
