liver: 0.9582464612555119
kidney_right: 0.9250848853792799
spleen: 0.9367988346072096
pancreas: 0.800954958760504
aorta: 0.7713285150830864
postcava: 0.5829749126501992
adrenal_gland_right: 1.0
adrenal_gland_left: 1.0
gall_bladder: 0.4059887367234631
stomach: 0.8267854002531331
duodenum: 1.0
kidney_left: 0.9128454069603432
colon: 1.0
