liver: 0.9592995410087226
kidney_right: 0.9210354389071631
spleen: 0.9453543337295609
pancreas: 0.8102875135068113
aorta: 0.6280046817764036
postcava: 0.5722081481023771
adrenal_gland_right: 1.0
adrenal_gland_left: 1.0
gall_bladder: 0.48459182405886286
stomach: 0.5288220308872034
duodenum: 1.0
kidney_left: 0.910771339027922
colon: 1.0
