liver: 0.9594186873042272
kidney_right: 0.9210629238988516
spleen: 0.9454064479140356
pancreas: 0.8102221818717966
aorta: 0.605887063247135
postcava: 0.3237933652546712
adrenal_gland_right: 1.0
adrenal_gland_left: 1.0
gall_bladder: 0.345877725389024
stomach: 0.40398633730481415
duodenum: 1.0
kidney_left: 0.9107476599784028
colon: 1.0
