liver: 0.9594186873042272
kidney_right: 0.9210629238988516
spleen: 0.9454064479140356
pancreas: 0.8102221818717966
aorta: 0.6256327333503714
postcava: 0.5606255731410401
adrenal_gland_right: 1.0
adrenal_gland_left: 1.0
gall_bladder: 0.4879545274794107
stomach: 0.4977984973210902
duodenum: 1.0
kidney_left: 0.9107476599784028
colon: 1.0
