liver: 0.9600936975226648
kidney_right: 0.9221382844596467
spleen: 0.9279295532138699
pancreas: 0.798255849676508
aorta: 0.7601859823183265
postcava: 0.6536729249535097
adrenal_gland_right: 1.0
adrenal_gland_left: 1.0
gall_bladder: 0.6988988481145036
stomach: 0.7850846805664579
duodenum: 1.0
kidney_left: 0.9120244548203247
colon: 1.0
