liver: 0.9594186873042272
kidney_right: 0.9210629238988516
spleen: 0.9454064479140356
pancreas: 0.8102221818717966
aorta: 0.5801555463388955
postcava: 0.549307489029677
adrenal_gland_right: 1.0
adrenal_gland_left: 1.0
gall_bladder: 0.29352030483382574
stomach: 0.2032862260509249
duodenum: 1.0
kidney_left: 0.9107476599784028
colon: 1.0
