liver: 0.9594186873042272
kidney_right: 0.9210629238988516
spleen: 0.9454064479140356
pancreas: 0.8102221818717966
aorta: 0.6227671649459565
postcava: 0.5217144541572786
adrenal_gland_right: 1.0
adrenal_gland_left: 1.0
gall_bladder: 0.3336257181280593
stomach: 0.46686708415663664
duodenum: 1.0
kidney_left: 0.9107476599784028
colon: 1.0
