liver: 0.9599739791261883
kidney_right: 0.9269041596353537
spleen: 0.942707310969343
pancreas: 0.8064796400781811
aorta: 0.653348942167775
postcava: 0.5135618250192582
adrenal_gland_right: 1.0
adrenal_gland_left: 1.0
gall_bladder: 0.27914527306336623
stomach: 0.21043470333103484
duodenum: 1.0
kidney_left: 0.9141248634234118
colon: 1.0
