liver: 0.9591913067663432
kidney_right: 0.9170478029658549
spleen: 0.931118237075575
pancreas: 0.7928847894248663
aorta: 0.7853602187671441
postcava: 0.6543941362337417
adrenal_gland_right: 1.0
adrenal_gland_left: 1.0
gall_bladder: 0.7523117163456071
stomach: 0.8655069853025941
duodenum: 1.0
kidney_left: 0.9079007503572966
colon: 1.0
