liver: nan
kidney_right: 0.06660554145168149
spleen: 0.0044160752761207255
pancreas: 0.10889614497183717
aorta: 1.0
postcava: 1.0
adrenal_gland_right: 1.0
adrenal_gland_left: 1.0
gall_bladder: 1.0
stomach: 1.0
duodenum: 1.0
kidney_left: 0.056641515260769895
colon: 1.0
