liver: 0.0021231233928143793
kidney_right: 0.6667537214980968
spleen: nan
pancreas: nan
aorta: 0.5385943816513872
postcava: 0.4563565949880185
adrenal_gland_right: 1.0
adrenal_gland_left: 1.0
gall_bladder: 1.0
stomach: 0.7572867977556499
duodenum: 1.0
kidney_left: 1.0
colon: 1.0
