liver: 1.0
kidney_right: 1.0
spleen: 1.0
pancreas: 1.0
aorta: 0.8297396877508157
postcava: 0.748494968945019
adrenal_gland_right: 1.0
adrenal_gland_left: 1.0
gall_bladder: 0.8063695546086664
stomach: 0.8829122573434218
duodenum: 1.0
kidney_left: 1.0
colon: 1.0
