liver: 0.018846438193398846
kidney_right: 0.500216672030325
spleen: 0.16693589140672416
pancreas: 1.0
aorta: 0.6652067933002359
postcava: 0.6405618898435038
adrenal_gland_right: 1.0
adrenal_gland_left: 1.0
gall_bladder: 0.970973476340258
stomach: 0.7865407897369708
duodenum: 1.0
kidney_left: 1.0
colon: 1.0
