liver: 1.0
kidney_right: 1.0
spleen: 1.0
pancreas: 1.0
aorta: 0.8217873573569157
postcava: 0.7723503391669393
adrenal_gland_right: 1.0
adrenal_gland_left: 1.0
gall_bladder: 0.7931489051732624
stomach: 0.9177615442940323
duodenum: 1.0
kidney_left: 1.0
colon: 1.0
