liver: 1.0
kidney_right: 1.0
spleen: 1.0
pancreas: 1.0
aorta: 0.8317281827664731
postcava: 0.756424315215004
adrenal_gland_right: 1.0
adrenal_gland_left: 1.0
gall_bladder: 0.8068381761948787
stomach: 0.9056428162553318
duodenum: 1.0
kidney_left: 1.0
colon: 1.0
