liver: 1.0
kidney_right: 1.0
spleen: 1.0
pancreas: 1.0
aorta: 0.838845233496025
postcava: 0.7634448310244549
adrenal_gland_right: 1.0
adrenal_gland_left: 1.0
gall_bladder: 0.8248341740774087
stomach: 0.9164591172754756
duodenum: 1.0
kidney_left: 1.0
colon: 1.0
