liver: 1.0
kidney_right: 1.0
spleen: 1.0
pancreas: 1.0
aorta: 0.8259964053576138
postcava: 0.7364721276800134
adrenal_gland_right: 1.0
adrenal_gland_left: 1.0
gall_bladder: 0.8214958666961877
stomach: 0.914715918211471
duodenum: 1.0
kidney_left: 1.0
colon: 1.0
