liver: 0.1253386234476599
kidney_right: nan
spleen: 0.0007089952399744658
pancreas: 1.0
aorta: 0.7327831012068019
postcava: 0.6873566118618905
adrenal_gland_right: 1.0
adrenal_gland_left: 1.0
gall_bladder: 1.0
stomach: 0.8340319491221658
duodenum: 1.0
kidney_left: 1.0
colon: 1.0
