liver: 1.0
kidney_right: 1.0
spleen: 1.0
pancreas: 1.0
aorta: 0.8358855113132271
postcava: 0.7430931185172462
adrenal_gland_right: 1.0
adrenal_gland_left: 1.0
gall_bladder: 0.8031426555541452
stomach: 0.8946455066688676
duodenum: 1.0
kidney_left: 1.0
colon: 1.0
