liver: 1.0
kidney_right: 1.0
spleen: 1.0
pancreas: 1.0
aorta: 0.8190388537872773
postcava: 0.7769862835497755
adrenal_gland_right: 1.0
adrenal_gland_left: 1.0
gall_bladder: 0.8152157408135443
stomach: 0.9059422755655018
duodenum: 1.0
kidney_left: 1.0
colon: 1.0
