liver: 1.0
kidney_right: 1.0
spleen: 1.0
pancreas: 1.0
aorta: 0.738451462149756
postcava: 0.7772083712242677
adrenal_gland_right: 1.0
adrenal_gland_left: 1.0
gall_bladder: 0.8054646157652653
stomach: 0.9129245645283499
duodenum: 1.0
kidney_left: 1.0
colon: 1.0
