liver: 0.0012272392085215912
kidney_right: 1.0
spleen: 1.0
pancreas: 1.0
aorta: 0.8281253094180258
postcava: 0.6975911925816434
adrenal_gland_right: 1.0
adrenal_gland_left: 1.0
gall_bladder: 1.0
stomach: 0.8058644673275915
duodenum: 1.0
kidney_left: 1.0
colon: 1.0
