liver: 0.002106297728901398
kidney_right: 1.0
spleen: nan
pancreas: nan
aorta: 0.8072699024891267
postcava: 0.7178075056294896
adrenal_gland_right: 1.0
adrenal_gland_left: 1.0
gall_bladder: 1.0
stomach: 0.7571520859499156
duodenum: 1.0
kidney_left: 1.0
colon: 1.0
