liver: 0.0032578793590295795
kidney_right: 0.01085331294277146
spleen: 0.0010360311965939627
pancreas: 1.0
aorta: 0.7954101794523624
postcava: 0.6738123994899123
adrenal_gland_right: 1.0
adrenal_gland_left: 1.0
gall_bladder: 1.0
stomach: 0.8134729086431571
duodenum: 1.0
kidney_left: 0.11181461858278191
colon: 1.0
