liver: 0.00126254491572394
kidney_right: 0.05038536516564346
spleen: 1.0
pancreas: 1.0
aorta: 0.668910908577584
postcava: 0.5999465256485977
adrenal_gland_right: 1.0
adrenal_gland_left: 1.0
gall_bladder: 0.9882953727508436
stomach: 0.7370175123899461
duodenum: 1.0
kidney_left: 1.0
colon: 1.0
