liver: 0.20035882817765502
kidney_right: 0.0068732537423739975
spleen: nan
pancreas: 1.0
aorta: 0.737841426858031
postcava: 0.4411471920255987
adrenal_gland_right: 1.0
adrenal_gland_left: 1.0
gall_bladder: 1.0
stomach: 0.8015156041750482
duodenum: 1.0
kidney_left: 0.285878388402547
colon: 1.0
