liver: 1.0
kidney_right: 1.0
spleen: 1.0
pancreas: 1.0
aorta: 0.8342861346385059
postcava: 0.7564700018942906
adrenal_gland_right: 1.0
adrenal_gland_left: 1.0
gall_bladder: 0.7944074390840955
stomach: 0.88353223767643
duodenum: 1.0
kidney_left: 1.0
colon: 1.0
