liver: 0.06313743434249748
kidney_right: 0.004481338139157324
spleen: 1.0
pancreas: 0.0018599627433422549
aorta: 0.7897315784202212
postcava: 0.7128337143633523
adrenal_gland_right: 1.0
adrenal_gland_left: 1.0
gall_bladder: 1.0
stomach: 0.8527447920104815
duodenum: 1.0
kidney_left: 0.3346490722518611
colon: 1.0
