liver: 0.9588350995559272
kidney_right: 0.9174160507259672
spleen: 0.9314718564826683
pancreas: 0.8114653207044666
aorta: 1.0
postcava: 1.0
adrenal_gland_right: 1.0
adrenal_gland_left: 1.0
gall_bladder: 1.0
stomach: 1.0
duodenum: 1.0
kidney_left: 0.9062708557969331
colon: 1.0
