liver: 0.901629990060275
kidney_right: 0.8451064405765488
spleen: 0.8815285988281139
pancreas: 0.5282536391976692
aorta: 0.8073507359030938
postcava: 0.6179960931944858
adrenal_gland_right: 1.0
adrenal_gland_left: 1.0
gall_bladder: 0.31337881277722784
stomach: 0.43992609717579984
duodenum: 1.0
kidney_left: 0.8341097757497691
colon: 1.0
