liver: 0.8973009387174795
kidney_right: 0.8538074020231283
spleen: 0.8743813198580499
pancreas: 0.5928018977450428
aorta: 0.7552128298099113
postcava: 0.5331897103693454
adrenal_gland_right: 1.0
adrenal_gland_left: 1.0
gall_bladder: 0.23592855856705666
stomach: 0.6445147249492773
duodenum: 1.0
kidney_left: 0.8236660889325201
colon: 1.0
