liver: 0.0015099957838667515
kidney_right: 0.00022218245083037652
spleen: 0.025207863788184254
pancreas: 1.0
aorta: 0.6888304490476074
postcava: 0.47673576963234726
adrenal_gland_right: 1.0
adrenal_gland_left: 1.0
gall_bladder: 1.0
stomach: 0.8570606472301298
duodenum: 1.0
kidney_left: 1.0
colon: 1.0
