liver: 0.0006587925549108308
kidney_right: 0.00048501733107813455
spleen: 0.0023225822752674
pancreas: 1.0
aorta: 0.7203319840437904
postcava: 0.46375567688307157
adrenal_gland_right: 1.0
adrenal_gland_left: 1.0
gall_bladder: 1.0
stomach: 0.8520857912231187
duodenum: 1.0
kidney_left: nan
colon: 0.5000698088568455
