liver: 0.0003957886236235737
kidney_right: 0.25035488096569586
spleen: 0.000719386166653595
pancreas: 1.0
aorta: 0.6826534389107161
postcava: 0.4274910025080398
adrenal_gland_right: 1.0
adrenal_gland_left: 1.0
gall_bladder: 1.0
stomach: 0.8705272241388059
duodenum: 1.0
kidney_left: 1.0
colon: 1.0
