liver: 0.0010222839022481535
kidney_right: 0.6524025605345276
spleen: 0.006907091302796048
pancreas: 0.27440993968689065
aorta: 1.0
postcava: 1.0
adrenal_gland_right: 1.0
adrenal_gland_left: 1.0
gall_bladder: 1.0
stomach: 1.0
duodenum: 1.0
kidney_left: 0.6158438857446713
colon: 1.0
