liver: 0.00039275337600268474
kidney_right: 0.4732243131431673
spleen: 0.621487687367812
pancreas: 1.0
aorta: 0.6177490035640634
postcava: 0.3825722935830512
adrenal_gland_right: 1.0
adrenal_gland_left: 1.0
gall_bladder: nan
stomach: 0.7210751262312244
duodenum: 1.0
kidney_left: 0.10121536346597675
colon: 0.33345334989848197
