liver: 1.0
kidney_right: 1.0
spleen: 1.0
pancreas: 1.0
aorta: 0.822620148875158
postcava: 0.6368617171476022
adrenal_gland_right: 1.0
adrenal_gland_left: 1.0
gall_bladder: 0.4480815822358335
stomach: 0.8523175968089045
duodenum: 1.0
kidney_left: 1.0
colon: 1.0
