liver: nan
kidney_right: 1.0
spleen: 0.5001008540924196
pancreas: 1.0
aorta: 0.7051474618103265
postcava: 0.47450493777336217
adrenal_gland_right: 1.0
adrenal_gland_left: 1.0
gall_bladder: 1.0
stomach: 0.7623093405279187
duodenum: 1.0
kidney_left: 0.2508870195301411
colon: 1.0
