liver: 0.5162380932336473
kidney_right: 0.9081740949713004
spleen: 0.8484534714244067
pancreas: 0.35115487338808676
aorta: 1.0
postcava: 1.0
adrenal_gland_right: 1.0
adrenal_gland_left: 1.0
gall_bladder: 1.0
stomach: 1.0
duodenum: 1.0
kidney_left: 0.8434557684470113
colon: 1.0
