liver: nan
kidney_right: 1.0
spleen: 1.0
pancreas: 1.0
aorta: 0.7958863008550822
postcava: 0.6237512351146101
adrenal_gland_right: 1.0
adrenal_gland_left: 1.0
gall_bladder: 0.24159520549064767
stomach: 0.852134793866315
duodenum: 1.0
kidney_left: 1.0
colon: 1.0
