liver: 0.0005161748174884408
kidney_right: 0.6765696986151227
spleen: 1.0
pancreas: nan
aorta: 0.7256997286449827
postcava: 0.532822621097753
adrenal_gland_right: 1.0
adrenal_gland_left: 1.0
gall_bladder: 0.26591932901856674
stomach: 0.8032227408341431
duodenum: 1.0
kidney_left: 0.1261721641780039
colon: 1.0
