liver: nan
kidney_right: 1.0
spleen: 1.0
pancreas: 1.0
aorta: 0.805466395376743
postcava: 0.6934058316839413
adrenal_gland_right: 1.0
adrenal_gland_left: 1.0
gall_bladder: 0.33332530654111847
stomach: 0.8715748562038867
duodenum: 1.0
kidney_left: 1.0
colon: 1.0
