liver: 1.0
kidney_right: 1.0
spleen: 1.0
pancreas: 1.0
aorta: 0.8188987627418112
postcava: 0.7146841137401305
adrenal_gland_right: 1.0
adrenal_gland_left: 1.0
gall_bladder: 0.4366422288895831
stomach: 0.8525773970781273
duodenum: 1.0
kidney_left: 1.0
colon: 1.0
