liver: 1.0
kidney_right: 1.0
spleen: 1.0
pancreas: 1.0
aorta: 0.8202777644775274
postcava: 0.6518673634917084
adrenal_gland_right: 1.0
adrenal_gland_left: 1.0
gall_bladder: 0.5101752887631319
stomach: 0.8362691925488085
duodenum: 1.0
kidney_left: 1.0
colon: 1.0
