liver: 0.9603502131751293
kidney_right: 0.9158177876612996
spleen: 0.9377009592284287
pancreas: 0.8118021370747542
aorta: 0.6501777003764111
postcava: 0.39532933238078705
adrenal_gland_right: 1.0
adrenal_gland_left: 1.0
gall_bladder: 0.17225975144903524
stomach: 0.12438933915387547
duodenum: 1.0
kidney_left: 0.9075816004787106
colon: 1.0
