liver: 0.9603502131751293
kidney_right: 0.9158177076216314
spleen: 0.9377009592284287
pancreas: 0.8118021370747542
aorta: 0.5145803098294077
postcava: 0.3195487543776616
adrenal_gland_right: 1.0
adrenal_gland_left: 1.0
gall_bladder: 0.07295024341665826
stomach: 0.18993460882922675
duodenum: 1.0
kidney_left: 0.9075816004787106
colon: 1.0
