liver: 0.9603628056656641
kidney_right: 0.9160465436817878
spleen: 0.9376024274043102
pancreas: 0.8123180184911202
aorta: 0.6892076274653971
postcava: 0.42695622258354127
adrenal_gland_right: 1.0
adrenal_gland_left: 1.0
gall_bladder: 0.17859415878148924
stomach: 0.13332497131078308
duodenum: 1.0
kidney_left: 0.9075948732300997
colon: 1.0
