liver: 0.9603502131751293
kidney_right: 0.9158177876612996
spleen: 0.9377009592284287
pancreas: 0.8118021370747542
aorta: 0.613332026241856
postcava: 0.26276013610786775
adrenal_gland_right: 1.0
adrenal_gland_left: 1.0
gall_bladder: 0.13290109911856995
stomach: 0.1641070194205166
duodenum: 1.0
kidney_left: 0.9075816004787106
colon: 1.0
