liver: 0.9616735987367032
kidney_right: 0.9193072634885279
spleen: 0.9250679292145184
pancreas: 0.8132107875005697
aorta: 0.8278909150005289
postcava: 0.7244877214964719
adrenal_gland_right: 1.0
adrenal_gland_left: 1.0
gall_bladder: 0.7734188438665779
stomach: 0.8083965999180565
duodenum: 1.0
kidney_left: 0.9059696810035467
colon: 1.0
