liver: 0.9603502131751293
kidney_right: 0.9158177876612996
spleen: 0.9377009592284287
pancreas: 0.8118021370747542
aorta: 0.5975976806631954
postcava: 0.3646730428989805
adrenal_gland_right: 1.0
adrenal_gland_left: 1.0
gall_bladder: 0.030269236794180147
stomach: 0.2018823766299951
duodenum: 1.0
kidney_left: 0.9075816004787106
colon: 1.0
