liver: 0.9591423271396683
kidney_right: 0.9177620230338568
spleen: 0.93757756016743
pancreas: 0.821743149081752
aorta: 0.778181675373428
postcava: 0.48301675157855745
adrenal_gland_right: 1.0
adrenal_gland_left: 1.0
gall_bladder: 0.5177434679221602
stomach: 0.5098894034625476
duodenum: 1.0
kidney_left: 0.9055529593904244
colon: 1.0
