liver: 0.9609240543117199
kidney_right: 0.9174277713697342
spleen: 0.9393582602517451
pancreas: 0.8082618139491019
aorta: 0.8251253855209958
postcava: 0.7189002044362302
adrenal_gland_right: 1.0
adrenal_gland_left: 1.0
gall_bladder: 0.8089993250423438
stomach: 0.8656986900534189
duodenum: 1.0
kidney_left: 0.9080110139448639
colon: 1.0
