liver: 0.9597416757800472
kidney_right: 0.9196128745798642
spleen: 0.9378978686032132
pancreas: 0.8094648756999863
aorta: 0.819988235730204
postcava: 0.7363404256647363
adrenal_gland_right: 1.0
adrenal_gland_left: 1.0
gall_bladder: 0.7511113101320595
stomach: 0.8060412463276473
duodenum: 1.0
kidney_left: 0.9077284110439392
colon: 1.0
