liver: 0.9602033548311973
kidney_right: 0.9190826205956895
spleen: 0.9427031811648309
pancreas: 0.8197269015976736
aorta: 0.7796671982343136
postcava: 0.6726653225530411
adrenal_gland_right: 1.0
adrenal_gland_left: 1.0
gall_bladder: 0.2634541346410508
stomach: 0.7367419576305221
duodenum: 1.0
kidney_left: 0.9063859667597987
colon: 1.0
