liver: 0.9599589710002979
kidney_right: 0.9196423346376349
spleen: 0.9353755118992813
pancreas: 0.8173060792658265
aorta: 0.823061245393877
postcava: 0.6814435053131122
adrenal_gland_right: 1.0
adrenal_gland_left: 1.0
gall_bladder: 0.678632452902576
stomach: 0.7791168598207627
duodenum: 1.0
kidney_left: 0.9068326385013169
colon: 1.0
