liver: 0.9603502131751293
kidney_right: 0.9158177876612996
spleen: 0.9377009592284287
pancreas: 0.8118021370747542
aorta: 0.5421725891213639
postcava: 0.20949241633227655
adrenal_gland_right: 1.0
adrenal_gland_left: 1.0
gall_bladder: 0.11822163450498757
stomach: 0.17217222017025627
duodenum: 1.0
kidney_left: 0.9075816004787106
colon: 1.0
