liver: 0.9603502131751293
kidney_right: 0.9158177876612996
spleen: 0.9377009592284287
pancreas: 0.8118021370747542
aorta: 0.6023696524834533
postcava: 0.3069339990652519
adrenal_gland_right: 1.0
adrenal_gland_left: 1.0
gall_bladder: 0.09582779455587553
stomach: 0.18754079706452204
duodenum: 1.0
kidney_left: 0.9075816004787106
colon: 1.0
