liver: 0.9589046018817706
kidney_right: 0.9189518431837941
spleen: 0.9310175346387931
pancreas: 0.8097495101171666
aorta: 0.8262557992369469
postcava: 0.7304291954058378
adrenal_gland_right: 1.0
adrenal_gland_left: 1.0
gall_bladder: 0.7896770295737563
stomach: 0.762070311550145
duodenum: 1.0
kidney_left: 0.9078128549236639
colon: 1.0
