liver: 0.9608034225110352
kidney_right: 0.9206625566463613
spleen: 0.9490143177248352
pancreas: 0.8095032357834038
aorta: 0.8123124123018083
postcava: 0.7183426259798569
adrenal_gland_right: 1.0
adrenal_gland_left: 1.0
gall_bladder: 0.672290506547009
stomach: 0.8676522928175481
duodenum: 1.0
kidney_left: 0.9079036394246557
colon: 1.0
