liver: 0.9600346525213755
kidney_right: 0.9163397494001548
spleen: 0.9295893327758477
pancreas: 0.8056147980409307
aorta: 0.8271389036135298
postcava: 0.6770956957948739
adrenal_gland_right: 1.0
adrenal_gland_left: 1.0
gall_bladder: 0.7803127286502087
stomach: 0.8668837931699542
duodenum: 1.0
kidney_left: 0.9057094496538375
colon: 1.0
