liver: 0.9609251813369928
kidney_right: 0.919158341564103
spleen: 0.9319168678198086
pancreas: 0.8089448049085315
aorta: 0.8274260412475115
postcava: 0.75181549333734
adrenal_gland_right: 1.0
adrenal_gland_left: 1.0
gall_bladder: 0.8254919251840132
stomach: 0.7482740915279426
duodenum: 1.0
kidney_left: 0.903634386385346
colon: 1.0
