liver: 1.0
kidney_right: 1.0
spleen: 1.0
pancreas: 1.0
aorta: 0.8094656962097403
postcava: 0.6920623570786103
adrenal_gland_right: 1.0
adrenal_gland_left: 1.0
gall_bladder: 0.40281003516365965
stomach: 0.8466953931711888
duodenum: 1.0
kidney_left: 1.0
colon: 1.0
