liver: nan
kidney_right: 1.0
spleen: 1.0
pancreas: 1.0
aorta: 0.7767604375054432
postcava: 0.6093764085919409
adrenal_gland_right: 1.0
adrenal_gland_left: 1.0
gall_bladder: 1.0
stomach: 0.804034631465089
duodenum: 1.0
kidney_left: 1.0
colon: 1.0
