liver: 1.0
kidney_right: 1.0
spleen: 1.0
pancreas: 1.0
aorta: 0.8030511868681037
postcava: 0.6728840689265043
adrenal_gland_right: 1.0
adrenal_gland_left: 1.0
gall_bladder: 0.3481006709994777
stomach: 0.8542660553701485
duodenum: 1.0
kidney_left: 1.0
colon: 1.0
