liver: 1.0
kidney_right: 1.0
spleen: 1.0
pancreas: 1.0
aorta: 0.8146026942719804
postcava: 0.6646897597982987
adrenal_gland_right: 1.0
adrenal_gland_left: 1.0
gall_bladder: 0.3906467771136588
stomach: 0.8617327723508541
duodenum: 1.0
kidney_left: 1.0
colon: 1.0
