liver: 0.4859048380067719
kidney_right: 0.9106434155829124
spleen: 0.7079588301418048
pancreas: 0.3539858577059322
aorta: 1.0
postcava: 1.0
adrenal_gland_right: 1.0
adrenal_gland_left: 1.0
gall_bladder: 1.0
stomach: 1.0
duodenum: 1.0
kidney_left: 0.8403029851308644
colon: 1.0
