liver: nan
kidney_right: 1.0
spleen: 1.0
pancreas: 1.0
aorta: 0.8006751164943259
postcava: 0.6690359636475562
adrenal_gland_right: 1.0
adrenal_gland_left: 1.0
gall_bladder: 0.25982096757905726
stomach: 0.8189398782056857
duodenum: 1.0
kidney_left: 1.0
colon: 1.0
