liver: 1.0
kidney_right: 1.0
spleen: 1.0
pancreas: 1.0
aorta: 0.8163715681246654
postcava: 0.6933653833076713
adrenal_gland_right: 1.0
adrenal_gland_left: 1.0
gall_bladder: 0.4822177452260203
stomach: 0.8477847442969757
duodenum: 1.0
kidney_left: 1.0
colon: 1.0
