liver: 1.0
kidney_right: 1.0
spleen: 1.0
pancreas: 1.0
aorta: 0.8073546157529284
postcava: 0.6693598051255433
adrenal_gland_right: 1.0
adrenal_gland_left: 1.0
gall_bladder: 0.4961559086941857
stomach: 0.8658097335481657
duodenum: 1.0
kidney_left: 1.0
colon: 1.0
