liver: 0.9594186873042272
kidney_right: 0.9210629238988516
spleen: 0.9454064479140356
pancreas: 0.8102221818717966
aorta: 0.4732577550451849
postcava: 0.06826173602031509
adrenal_gland_right: 1.0
adrenal_gland_left: 1.0
gall_bladder: 1.0
stomach: 0.3119270795930078
duodenum: 1.0
kidney_left: 0.9107476599784028
colon: 1.0
