liver: 0.9594186873042272
kidney_right: 0.9210629238988516
spleen: 0.9454064479140356
pancreas: 0.8102221818717966
aorta: 0.6275274886011664
postcava: 0.296051198611124
adrenal_gland_right: 1.0
adrenal_gland_left: 1.0
gall_bladder: 0.16677177814742508
stomach: 0.4504802786569465
duodenum: 1.0
kidney_left: 0.9107476599784028
colon: 1.0
