liver: 0.9594186873042272
kidney_right: 0.9210629238988516
spleen: 0.9454064479140356
pancreas: 0.8102221818717966
aorta: 0.6370038780584327
postcava: 0.4855597047796482
adrenal_gland_right: 1.0
adrenal_gland_left: 1.0
gall_bladder: 0.4238312162695418
stomach: 0.5167248024638993
duodenum: 1.0
kidney_left: 0.9107476599784028
colon: 1.0
