liver: 0.9595234342136219
kidney_right: 0.9238057904881087
spleen: 0.9394806084628826
pancreas: 0.8037481959178626
aorta: 1.0
postcava: 1.0
adrenal_gland_right: 1.0
adrenal_gland_left: 1.0
gall_bladder: 1.0
stomach: 1.0
duodenum: 1.0
kidney_left: 0.9125571949330502
colon: 1.0
