liver: 0.9582974316467306
kidney_right: 0.9215715295688166
spleen: 0.9393171648891968
pancreas: 0.8040552678581534
aorta: 0.02720204893395293
postcava: 1.0
adrenal_gland_right: 1.0
adrenal_gland_left: 1.0
gall_bladder: 1.0
stomach: 1.0
duodenum: 1.0
kidney_left: 0.9100819904218451
colon: 1.0
