liver: 0.9534415024415267
kidney_right: 0.9201156081547116
spleen: 0.940212916919014
pancreas: 0.7951909770574735
aorta: 0.7104781422522831
postcava: 0.3175888407988977
adrenal_gland_right: 1.0
adrenal_gland_left: 1.0
gall_bladder: 1.0
stomach: 0.7438836292109507
duodenum: 1.0
kidney_left: 0.9120649704754598
colon: 1.0
