liver: 0.9564857194377759
kidney_right: 0.9179471835347858
spleen: 0.9419376195734029
pancreas: 0.7981469718420124
aorta: 0.6067085917183891
postcava: 0.5513930501346981
adrenal_gland_right: 1.0
adrenal_gland_left: 1.0
gall_bladder: 1.0
stomach: 0.8241868560004774
duodenum: 1.0
kidney_left: 0.9097154185891492
colon: 1.0
