liver: 0.9570828781896495
kidney_right: 0.9222791850918121
spleen: 0.9443186643645194
pancreas: 0.8030171231097387
aorta: 1.0
postcava: nan
adrenal_gland_right: 1.0
adrenal_gland_left: 1.0
gall_bladder: 1.0
stomach: nan
duodenum: 1.0
kidney_left: 0.9116676353335301
colon: 1.0
