liver: 0.9523782080114486
kidney_right: 0.9210752730008164
spleen: 0.9290865789750221
pancreas: 0.785811502466927
aorta: 0.3164081386339139
postcava: 0.3475274774129024
adrenal_gland_right: 1.0
adrenal_gland_left: 1.0
gall_bladder: 1.0
stomach: 0.5051307074723818
duodenum: 1.0
kidney_left: 0.9106600822731801
colon: nan
