liver: 0.9573465134443722
kidney_right: 0.9176562582646479
spleen: 0.9306391168149385
pancreas: 0.7978251976684754
aorta: 0.6203066391477157
postcava: 0.5231981235120292
adrenal_gland_right: 1.0
adrenal_gland_left: 1.0
gall_bladder: 1.0
stomach: 0.703539986686836
duodenum: 1.0
kidney_left: 0.9116906005755027
colon: 1.0
