liver: 0.9554744337426417
kidney_right: 0.9251144174428323
spleen: 0.9361673137317053
pancreas: 0.816579360562045
aorta: 0.7070143522760097
postcava: 0.8113252220730416
adrenal_gland_right: 0.2928045554376969
adrenal_gland_left: 0.3426893808664578
gall_bladder: 0.85034160977778
stomach: 0.9243667468242284
duodenum: 0.6525509424457592
kidney_left: 0.9149257326027386