liver: 0.9547207668096135
kidney_right: 0.9221638027081931
spleen: 0.9422484252680832
pancreas: 0.809853598291896
aorta: 0.6975193114221273
postcava: 0.7994570470295983
adrenal_gland_right: 0.3468968112279376
adrenal_gland_left: 0.411657213335954
gall_bladder: 0.8586075889486126
stomach: 0.9200307779993581
duodenum: 0.6796286298113958
kidney_left: 0.9149508315519301




liver: 0.9554744337426417
kidney_right: 0.9251144174428323
spleen: 0.9361673137317053
pancreas: 0.816579360562045
aorta: 0.7070143522760097
postcava: 0.8113252220730416
adrenal_gland_right: 0.2928045554376969
adrenal_gland_left: 0.3426893808664578
gall_bladder: 0.85034160977778
stomach: 0.9243667468242284
duodenum: 0.6525509424457592
kidney_left: 0.9149257326027386
