liver: 0.9548882408668572
kidney_right: 0.9217640982355518
spleen: 0.9336070229838983
pancreas: 0.7312476158071324
aorta: 0.6936117107978542
postcava: 0.5809587081119479
adrenal_gland_right: 1.0
adrenal_gland_left: 1.0
gall_bladder: 0.4323952300196439
stomach: 0.7739031349996087
duodenum: 1.0
kidney_left: 0.901020007152673
colon: 1.0
