liver: 0.9549060103511456
kidney_right: 0.9220032253309999
spleen: 0.9367128995804312
pancreas: 0.8001282586362581
aorta: 0.8044582450845861
postcava: 0.7682281304274692
adrenal_gland_right: 1.0
adrenal_gland_left: 1.0
gall_bladder: 0.8230242423482678
stomach: 0.893721022120535
duodenum: 1.0
kidney_left: 0.904622357487788
colon: 1.0
