liver: 0.9570431185578507
kidney_right: 0.9255249405557224
spleen: 0.9060390602846801
pancreas: 0.8128090360214945
aorta: 0.7964509524739384
postcava: 0.7649894673212293
adrenal_gland_right: 1.0
adrenal_gland_left: 1.0
gall_bladder: 0.8283224146868564
stomach: 0.8615983276665551
duodenum: 1.0
kidney_left: 0.9063184831595791
colon: 1.0
